lon_east,lon_west,lat_south,lat_north
329.505798,337.505798,35.093319,43.093319
330.464569,338.464569,35.038750,43.038750
331.414337,339.414337,35.294189,43.294189
332.342010,340.342010,34.317436,42.317436
333.113403,341.113403,33.983784,41.983784
333.961609,341.961609,34.548943,42.548943
334.639771,342.639771,34.981033,42.981033
335.474670,343.474670,36.002182,44.002182
336.292114,344.292114,38.468494,46.468494
337.043610,345.043610,41.921665,49.921665
338.012848,346.012848,43.879677,51.879677
339.521759,347.521759,47.422031,55.422031
340.910278,348.910278,49.649254,57.649254
343.580780,351.580780,52.896584,60.896584
346.775970,354.775970,55.357643,63.357643
349.835785,357.835785,57.317520,65.317520
353.198029,361.198029,58.888443,66.888443
357.097040,5.097040,60.106255,68.106255
1.713275,9.713275,60.439896,68.439896
6.684475,14.684475,60.274483,68.274483
12.365625,20.365625,60.198212,68.198212
18.458162,26.458162,59.489216,67.489216
22.840746,30.840746,58.703064,66.703064
26.103621,34.103621,57.973000,65.973000
29.650036,37.650036,57.127682,65.127682
34.044952,42.044952,56.342545,64.342545
38.693348,46.693348,55.775215,63.775215
43.115780,51.115780,55.924068,63.924068
46.618740,54.618740,56.836136,64.836136
49.154438,57.154438,57.852070,65.852070
53.248837,61.248837,60.210869,68.210869
56.525337,64.525337,60.974304,68.974304
62.956001,70.956001,62.085800,70.085800
67.743683,75.743683,62.915009,70.915009
70.407661,78.407661,63.272751,71.272751
73.002480,81.002480,63.787247,71.787247
73.624374,81.624374,63.990387,71.990387
74.671997,82.671997,64.220764,72.220764
78.509659,86.509659,64.672447,72.672447
78.534409,86.534409,64.597992,72.597992
79.217171,87.217171,64.748672,72.748672
81.379898,89.379898,65.283920,73.283920
83.057030,91.057030,65.651176,73.651176
83.799728,91.799728,66.506195,74.506195
