lon_east,lon_west,lat_south,lat_north
280.024261,288.024261,35.752003,43.752003
285.630127,293.630127,36.062477,44.062477
290.861877,298.861877,36.551266,44.551266
293.706177,301.706177,36.496159,44.496159
296.763092,304.763092,36.605862,44.605862
299.56604,307.56604,36.747383,44.747383
302.248718,310.248718,36.799294,44.799294
303.839355,311.839355,36.937866,44.937866
305.806549,313.806549,37.246048,45.246048
308.262299,316.262299,37.21212,45.21212
312.042603,320.042603,36.959343,44.959343
315.936615,323.936615,37.121395,45.121395
322.028748,330.028748,39.130707,47.130707
325.948395,333.948395,40.324593,48.324593
330.175262,338.175262,43.244095,51.244095
334.852753,342.852753,44.99567,52.99567
339.075623,347.075623,46.58057,54.58057
342.730255,350.730255,47.800381,55.800381
345.889069,353.889069,48.817207,56.817207
350.023621,358.023621,50.148739,58.148739
354.023865,2.023865,51.530376,59.530376
357.912136,5.912136,52.803192,60.803192
2.046248,10.046248,53.918598,61.918598
5.709579,13.709579,54.941006,62.941006
9.073149,17.073149,55.587677,63.587677
13.107788,21.107788,56.302021,64.302021
16.794044,24.794044,56.584576,64.584576
19.805187,27.805187,56.763348,64.763348
22.090872,30.090872,56.960136,64.960136
24.06399,32.06399,56.952187,64.952187
25.17086,33.17086,56.736958,64.736958
26.839041,34.839041,56.438919,64.438919
28.71035,36.71035,56.082859,64.082859
31.085384,39.085384,55.710606,63.710606
33.823524,41.823524,55.485115,63.485115
35.832726,43.832726,54.980572,62.980572
37.984421,45.984421,54.542156,62.542156
40.074062,48.074062,54.334217,62.334217
42.290634,50.290634,54.784031,62.784031
44.419373,52.419373,55.490753,63.490753
45.545307,53.545307,55.087799,63.087799
46.07785,54.07785,54.253811,62.253811
46.633339,54.633339,53.656353,61.656353
48.087685,56.087685,53.816738,61.816738
