lon_east,lon_west,lat_south,lat_north
265.900787,273.900787,26.989254,34.989254
267.311523,275.311523,26.054394,34.054394
268.663208,276.663208,27.040241,35.040241
270.280212,278.280212,27.923582,35.923582
272.574524,280.574524,29.584526,37.584526
275.155548,283.155548,32.275181,40.275181
277.796539,285.796539,34.762558,42.762558
280.753418,288.753418,36.902924,44.902924
283.727020,291.727020,38.552105,46.552105
286.359528,294.359528,39.723244,47.723244
289.220062,297.220062,41.026623,49.026623
292.459686,300.459686,42.100780,50.100780
295.865173,303.865173,43.364552,51.364552
299.184601,307.184601,44.327557,52.327557
302.113647,310.113647,44.724865,52.724865
305.891022,313.891022,45.304119,53.304119
309.756958,317.756958,45.821346,53.821346
312.938873,320.938873,45.830563,53.830563
317.975006,325.975006,46.370476,54.370476
323.278229,331.278229,46.934727,54.934727
