lon_east,lon_west,lat_south,lat_north
312.961304,320.961304,32.698769,40.698769
315.227509,323.227509,32.849583,40.849583
319.031494,327.031494,33.484314,41.484314
321.83252,329.83252,33.85619,41.85619
323.572021,331.572021,34.212242,42.212242
326.571259,334.571259,35.177128,43.177128
329.039368,337.039368,36.115131,44.115131
332.238953,340.238953,37.501774,45.501774
335.891602,343.891602,39.263264,47.263264
338.820892,346.820892,40.689095,48.689095
342.149475,350.149475,42.493275,50.493275
345.798737,353.798737,44.386631,52.386631
349.195679,357.195679,45.734444,53.734444
353.152405,1.152405,47.384155,55.384155
358.061543,6.061543,49.475796,57.475796
2.657675,10.657675,50.755962,58.755962
7.125836,15.125836,51.896706,59.896706
11.71602,19.71602,52.614185,60.614185
15.919607,23.919607,53.04137,61.04137
19.761095,27.761095,53.345787,61.345787
23.252987,31.252987,53.698029,61.698029
26.404411,34.404411,53.977917,61.977917
29.00061,37.00061,54.03299,62.03299
31.717129,39.717129,53.870628,61.870628
34.105751,42.105751,53.578091,61.578091
35.452007,43.452007,53.337528,61.337528
37.131809,45.131809,52.767288,60.767288
38.615181,46.615181,52.037827,60.037827
39.443714,47.443714,51.183758,59.183758
40.17664,48.17664,50.475491,58.475491
40.952152,48.952152,49.718296,57.718296
41.185299,49.185299,48.694973,56.694973
41.463997,49.463997,47.829491,55.829491
42.185905,50.185905,47.027187,55.027187
43.389473,51.389473,46.593678,54.593678
44.590008,52.590008,46.162312,54.162312
45.446194,53.446194,45.365456,53.365456
46.37463,54.37463,44.827446,52.827446
47.479942,55.479942,44.327946,52.327946
